ISS (ZARYA)             
1 25544U 98067A   20227.03014521  .00002523  00000-0  53627-4 0  9998
2 25544  51.6461  62.1977 0001435  30.4470 104.2862 15.49164713240985
KESTREL EYE IIM (KE2M)  
1 42982U 98067NE  20226.63852685  .00012705  00000-0  10205-3 0  9996
2 42982  51.6351 349.1177 0003261 317.3782  42.6962 15.71399752160064
DELLINGR (RBLE)         
1 43021U 98067NJ  20226.73192051  .00013439  00000-0  10436-3 0  9997
2 43021  51.6362 346.8159 0001306 300.6726  59.4143 15.72149386155873
UBAKUSAT                
1 43467U 98067NQ  20226.89677408  .00031849  00000-0  18271-3 0  9992
2 43467  51.6355 345.5016 0001964 312.2851  47.7983 15.78486736129170
CUBERRT                 
1 43546U 98067NU  20226.62889754  .00056223  00000-0  36131-3 0  9998
2 43546  51.6341 347.5014 0003013 316.3082  43.7679 15.75649449119256
TEMPEST-D               
1 43547U 98067NV  20226.83079304  .00004915  00000-0  58274-4 0  9998
2 43547  51.6371  22.0591 0004139 273.9657  86.0865 15.63272589118497
RAINCUBE                
1 43548U 98067NW  20226.59850325  .00033224  00000-0  19989-3 0  9996
2 43548  51.6309 355.4954 0004407 314.4779  45.5861 15.77385612119279
HALOSAT                 
1 43549U 98067NX  20226.57218001  .00029156  00000-0  18503-3 0  9994
2 43549  51.6344 356.9306 0004001 322.4839  37.5882 15.76247669118813
ENDUROSAT ONE           
1 43551U 98067NZ  20226.76046823  .00074837  00000-0  26691-3 0  9992
2 43551  51.6320 339.9597 0005761 330.0408  30.0267 15.88181396119468
EQUISAT                 
1 43552U 98067PA  20226.43427855  .00029867  00000-0  18043-3 0  9990
2 43552  51.6317 355.2716 0004858 319.7143  40.3497 15.77349898119195
RADSAT-G                
1 43553U 98067PB  20226.68616150  .00017314  00000-0  13814-3 0  9991
2 43553  51.6414   4.7177 0004576 309.5240  50.5353 15.71249335119141
1998-067PC              
1 43554U 98067PC  20226.66849649  .00111877  15912-4  32306-3 0  9999
2 43554  51.6284 336.2290 0007149 334.6937  25.3719 15.92849921119042
AEROCUBE 12A            
1 43556U 18046C   20226.92047149  .00001224  00000-0  53935-4 0  9998
2 43556  51.6413 189.4055 0008476 138.9308 221.2311 15.29944591116171
AEROCUBE 12B            
1 43557U 18046D   20226.92690334  .00000817  00000-0  40426-4 0  9997
2 43557  51.6414 190.1844 0008559 138.3646 221.7987 15.29644582116114
LEMUR-2-VU              
1 43558U 18046E   20226.90000810  .00002035  00000-0  78288-4 0  9991
2 43558  51.6414 185.6220 0007522 142.1210 218.0301 15.31292103116212
LEMUR-2-ALEXANDER       
1 43559U 18046F   20226.92394952  .00000923  00000-0  41933-4 0  9998
2 43559  51.6414 185.0462 0007485 142.1971 217.9537 15.31427950116003
LEMUR-2-YUASA           
1 43560U 18046G   20226.92173517  .00001268  00000-0  53415-4 0  9993
2 43560  51.6397 185.7608 0007636 154.8501 205.2853 15.31227042116215
LEMUR-2-TOMHENDERSON    
1 43561U 18046H   20226.81346750  .00001648  00000-0  66259-4 0  9995
2 43561  51.6406 186.5340 0007679 154.3872 205.7491 15.31002257115752
SIRIUSSAT-1             
1 43595U 98067PG  20226.89954138  .00038252  00000-0  22099-3 0  9990
2 43595  51.6287 355.1957 0002815 315.8284  44.2492 15.78232754114082
SIRIUSSAT-2             
1 43596U 98067PH  20226.90199221  .00038996  00000-0  22623-3 0  9995
2 43596  51.6282 356.0373 0002902 313.5704  46.5055 15.78129862114073
TANUSHA-3               
1 43597U 98067PJ  20226.87955636  .00196788  27319-4  38028-3 0  9998
2 43597  51.6245 335.9481 0009102 336.7144  23.3452 15.99898478114335
1998-067PK              
1 43598U 98067PK  20226.80076692  .00462415  11589-3  52976-3 0  9990
2 43598  51.6221 333.1356 0012020 337.4815  22.5669 16.08282770114364
1998-067PN              
1 43638U 98067PN  20226.81483052  .00010898  00000-0  11326-3 0  9999
2 43638  51.6367  21.1773 0001639 257.6873 102.3939 15.65197215105669
1998-067PP              
1 43639U 98067PP  20226.72076867  .00019360  00000-0  15644-3 0  9992
2 43639  51.6357  10.7800 0003246 269.5577  90.5049 15.70855426105798
STARS-ME                
1 43640U 98067PQ  20226.84403597  .00013957  00000-0  13300-3 0  9994
2 43640  51.6354  16.8207 0003564 254.6383 105.4219 15.67101919105723
ISS DEB (SEDA-AP)       
1 43870U 98067PU  20226.89436157  .00003498  00000-0  51972-4 0  9999
2 43870  51.6381  38.2837 0003564 261.0221  99.0368 15.58202965 93618
CATSAT-2                
1 44029U 98067PV  20226.68281968  .00017713  00000-0  16848-3 0  9998
2 44029  51.6391  25.6395 0003455 308.5970  51.4716 15.66927931 87496
DELPHINI                
1 44030U 98067PW  20226.85072767  .00021746  00000-0  19547-3 0  9994
2 44030  51.6342  22.8664 0003554 305.2598  54.8066 15.68172562 87514
UNITE                   
1 44031U 98067PX  20226.70578642  .00008975  00000-0  10566-3 0  9993
2 44031  51.6383  33.2558 0002492 295.2908  64.7828 15.62242439 87365
CATSAT-1                
1 44033U 98067PZ  20226.61883001  .00017897  00000-0  17008-3 0  9994
2 44033  51.6393  25.9699 0003347 308.5208  51.5488 15.66942045 87396
ISS DEB                 
1 44303U 98067QA  20226.81372740  .00003684  00000-0  61609-4 0  9995
2 44303  51.6414  52.8342 0005357 176.1224 183.9810 15.54704843 68683
ISS DEB                 
1 44304U 98067QB  20226.86023102  .00021009  00000-0  22800-3 0  9996
2 44304  51.6387  40.3807 0003965 169.2690 190.8390 15.63458513 68864
ISS DEB                 
1 44305U 98067QC  20226.71121142  .00027474  00000-0  25962-3 0  9998
2 44305  51.6350  36.2226 0002985 240.3088 119.7611 15.66785663 68900
ISS DEB                 
1 44306U 98067QD  20226.89658839  .00004183  00000-0  68785-4 0  9999
2 44306  51.6402  52.5771 0006629 173.9650 186.1422 15.54786493 68705
RAAVANA-1               
1 44329U 98067QE  20226.77987520  .00009852  00000-0  13103-3 0  9994
2 44329  51.6397  46.5683 0005430 214.4883 145.5758 15.58869663 65945
UGUISU                  
1 44330U 98067QF  20226.79573432  .00010146  00000-0  13523-3 0  9995
2 44330  51.6378  46.6556 0005411 213.8357 146.2291 15.58772133 65927
NEPALISAT-1             
1 44331U 98067QG  20226.77164841  .00009910  00000-0  13169-3 0  9997
2 44331  51.6379  46.4974 0005417 217.5107 142.5508 15.58885464 65934
SPOOQY-1                
1 44332U 98067QH  20226.77882846  .00009470  00000-0  12669-3 0  9995
2 44332  51.6383  46.5480 0004477 219.0143 141.0527 15.58769108 65891
RED-EYE 1 (PINOT)       
1 44364U 98067QJ  20226.88061698  .00003953  00000-0  65935-4 0  9991
2 44364  51.6413  53.2625 0006897 174.4918 185.6150 15.54551545 64275
IOD-1 GEMS              
1 44385U 98067QK  20226.79731302  .00016897  00000-0  19696-3 0  9993
2 44385  51.6401  43.7323 0002047 176.8522 183.2485 15.61784412 63457
SWIATOWID               
1 44426U 98067QL  20226.92980046  .00021806  00000-0  24071-3 0  9994
2 44426  51.6418  42.0156 0002829 171.9186 341.0477 15.62997330 63492
KRAKSAT                 
1 44427U 98067QM  20226.80622299  .00007271  00000-0  10673-3 0  9998
2 44427  51.6429  50.5023 0003484 158.8085 215.8370 15.56667844 63411
VCC A                   
1 44428U 98067QN  20226.79662058  .00009121  00000-0  12492-3 0  9991
2 44428  51.6405  48.2265 0002440 182.3934 177.7048 15.58193398 63445
ENTRYSAT                
1 44429U 98067QP  20226.79050531  .00011493  00000-0  14884-3 0  9991
2 44429  51.6390  46.6509 0002232 175.2542 184.8473 15.59392833 63466
VCC C                   
1 44430U 98067QQ  20226.78072590  .00015198  00000-0  18423-3 0  9990
2 44430  51.6387  45.0935 0001917 199.9148 160.1771 15.60851801 62301
VCC B                   
1 44431U 98067QR  20226.79465684  .00009641  00000-0  13140-3 0  9999
2 44431  51.6393  48.1927 0002612 182.0001 178.0981 15.58245272 63384
ISS DEB                 
1 44788U 98067QT  20226.79361200  .00016192  00000-0  22543-3 0  9999
2 44788  51.6399  54.9147 0004602 206.9542 153.1212 15.57098037 42327
ISS DEB                 
1 44789U 98067QU  20226.90285027  .00014444  00000-0  20438-3 0  9994
2 44789  51.6404  54.9196 0005542 209.7684 150.2993 15.56758687 42328
RWASAT-1                
1 44790U 98067QV  20226.82230257 -.00000476  00000-0  00000+0 0  9992
2 44790  51.6438  57.9128 0004447 235.8775 220.8834 15.53281698 41540
AQT-D                   
1 44791U 98067QW  20226.90785546  .00004858  00000-0  83184-4 0  9994
2 44791  51.6435  57.9545 0006727 200.0711 160.0016 15.53225838 41550
NARSSCUBE-1             
1 44792U 98067QX  20226.80460779  .00007896  00000-0  12540-3 0  9994
2 44792  51.6407  57.2407 0004890 220.9626 139.0998 15.54345155 41556
STPSAT-4                
1 45043U 98067QY  20226.88043634  .00002860  00000-0  57549-4 0  9994
2 45043  51.6426  62.2345 0005368 215.2212 144.8423 15.50270575 30737
HARP                    
1 45256U 98067QZ  20226.90139136  .00005124  00000-0  92533-4 0  9994
2 45256  51.6428  60.8880 0006973 207.2828 152.7796 15.51568090 27426
1998-067RA              
1 45257U 98067RA  20226.90296695  .00004618  00000-0  84416-4 0  9997
2 45257  51.6422  60.8921 0007745 211.0388 149.0145 15.51481168 27426
PHOENIX                 
1 45258U 98067RB  20226.91728282  .00004070  00000-0  75873-4 0  9990
2 45258  51.6418  60.9803 0006031 190.4713 169.6152 15.51270888 27398
1998-067RC              
1 45259U 98067RC  20226.87676737  .00006658  00000-0  11609-3 0  9993
2 45259  51.6418  60.7169 0007011 208.7497 151.3107 15.52006535 27422
CRYOCUBE                
1 45260U 98067RD  20226.92541922  .00006579  00000-0  11429-3 0  9990
2 45260  51.6418  60.2931 0007772 208.4573 151.5994 15.52130169 27441
AZTECHSAT-1             
1 45261U 98067RE  20226.83588409  .00007852  00000-0  13281-3 0  9995
2 45261  51.6417  60.4450 0007503 209.0004 151.0570 15.52574004 27420
RADSAT-U                
1 45262U 98067RF  20226.89665810  .00004709  00000-0  85692-4 0  9998
2 45262  51.6428  60.8564 0006425 246.2148 113.8168 15.51562426 27431
QARMAN                  
1 45263U 98067RG  20226.83284845  .00006116  00000-0  10803-3 0  9993
2 45263  51.6419  61.1721 0007044 205.1697 154.8950 15.51803527 27447
SORTIE                  
1 45264U 98067RH  20226.82173013  .00003056  00000-0  59773-4 0  9997
2 45264  51.6427  61.8514 0007291 215.0498 145.0013 15.50846331 27404
ICS-EF (ISS DEB)        
1 45265U 98067RJ  20226.90004732  .00001646  00000-0  36882-4 0  9997
2 45265  51.6438  62.3621 0005192 215.3573 144.7073 15.49955149 27089
SOYUZ-MS 16             
1 45476U 20023A   20226.56000264  .00000330  00000-0  14056-4 0  9994
2 45476  51.6462  64.5207 0001647  34.5365 356.4911 15.49160541240911
PROGRESS-MS 14          
1 45595U 20026A   20226.56000264  .00000330  00000-0  14056-4 0  9999
2 45595  51.6462  64.5207 0001647  34.5365 356.4911 15.49160541240913
G-SAT                   
1 45597U 98067RK  20226.92098362  .00004764  00000-0  88102-4 0  9995
2 45597  51.6427  61.7623 0004553 272.5719  87.4749 15.51066597 16788
QUETZAL-1               
1 45598U 98067RL  20227.00314028  .00005674  00000-0  10399-3 0  9999
2 45598  51.6453  61.5515 0002066 300.9755  59.1065 15.50908177 16728
HTV-9 (KOUNOTORI 9)     
1 45607U 20030A   20226.56000264  .00000330  00000-0  14056-4 0  9998
2 45607  51.6462  64.5207 0001647  34.5365 356.4911 15.49160541240917
RED-EYE 2 (MERLOT)      
1 45800U 98067RM  20226.86362649  .00002660  00000-0  54764-4 0  9997
2 45800  51.6430  62.8720 0000726 234.5923 125.4998 15.49875218  8934
RED-EYE 3 (CABERNET)    
1 45809U 98067RN  20226.86481108  .00002782  00000-0  56939-4 0  9999
2 45809  51.6429  62.8801 0001049 226.3446 133.7456 15.49858311  7912
PROGRESS-MS 15          
1 45937U 20050A   20226.56000264  .00000330  00000-0  14056-4 0  9996
2 45937  51.6462  64.5207 0001647  34.5365 356.4911 15.49160541240913
