DEMI                    
1 45916U 98067RP  20226.92511941  .00005711  00000-0  10672-3 0  9992
2 45916  51.6428  62.5335 0002322 149.3967 210.7158 15.50333706  4916
TECHEDSAT 10            
1 45917U 98067RQ  20226.91215529  .00021383  00000-0  36299-3 0  9991
2 45917  51.6419  62.4475 0004105 189.5807 170.5105 15.51413595  4866
AL-AMAL (HOPE)          
1 45918U 20047A   20201.92332176  .00001484 -46927-5  00000-0 0  9999
2 45918  30.3470 309.5833 0007500 293.9000 179.9000 16.12219793    09
KOREASAT 116            
1 45920U 20048A   20226.78939380 -.00000361  00000-0  00000-0 0  9994
2 45920   0.0138  92.7316 0001427  67.2008 203.1264  1.00274385   243
FALCON 9 R/B            
1 45921U 20048B   20221.56418502  .00004770  00000-0  11005-2 0  9990
2 45921  27.5948  89.3923 7741673 186.4834 148.3040  1.73912024   336
PROGRESS-MS 15          
1 45937U 20050A   20226.56000264  .00000330  00000-0  14056-4 0  9996
2 45937  51.6462  64.5207 0001647  34.5365 356.4911 15.49160541240913
2020-051A               
1 45939U 20051A   20226.81901017  .00000380  00000-0  18559-4 0  9990
2 45939  97.4972 300.5154 0010675 184.4423 244.3204 15.24238019  3000
2020-051B               
1 45940U 20051B   20226.81998846  .00001376  00000-0  58028-4 0  9999
2 45940  97.4954 300.5337 0011483 200.8435 282.0310 15.25001024  2987
2020-051C               
1 45941U 20051C   20226.81909432  .00000774  00000-0  33904-4 0  9990
2 45941  97.4972 300.5382 0012047 201.0473 279.0979 15.25018531  2988
2020-051D               
1 45942U 20051D   20226.89228696  .00008112  23159-5  60144-4 0  9990
2 45942  97.6033 302.0296 0153491 312.8067 175.1532 15.60313380  3070
2020-051E               
1 45943U 20051E   20226.86218475  .00001484  00000-0  58397-4 0  9999
2 45943  97.5744 300.8178 0038750 201.6723 270.8691 15.26664469  3009
MARS 2020               
1 45983U 20052A   20212.56905538 -.00000119  00000-0  00000+0 0  9997
2 45983  32.2087 317.6209 0065000 265.1078 118.6367  1.42484766    16
ATLAS 5 CENTAUR R/B     
1 45984U 20052B   20212.57736904 -.00000062  00000-0  00000+0 0  9995
2 45984  69.7373 332.3922 0065000 250.3442 134.2527  2.66257239    08
2020-053A               
1 45985U 20053A   20226.88682491 -.00000280  00000-0  00000+0 0  9999
2 45985   0.5823 270.6153 4429506 188.5696 291.4610  1.00437212   247
2020-053B               
1 45986U 20053B   20226.95119210 -.00000270  00000-0  10000-3 0  9996
2 45986   0.5625 270.2365 4371837 188.9798 312.0252  1.00200159   250
BREEZE-M R/B            
1 45987U 20053C   20226.55790096 -.00000186  00000-0  00000-0 0  9992
2 45987   0.8915 277.6328 4667522 182.8858 313.6912  1.03583796   136
BREEZE-M DEB [TANK]     
1 45988U 20053D   20221.91090316 -.00000117  00000-0  00000-0 0  9990
2 45988  49.5093 275.1232 6273765 183.3655 168.6852  3.52888899   393
GAOFEN 9-04             
1 46025U 20054A   20226.52620109  .00002697  00000-0  11738-3 0  9992
2 46025  97.4726 297.9645 0014528 224.1303 259.9361 15.23030546  1118
TSINGHUA SCIENCE        
1 46026U 20054B   20226.85267777  .00000601  00000-0  27823-4 0  9993
2 46026  97.4730 298.3000 0015592 239.8299 254.8316 15.23940263  1179
STARLINK A              
1 46027U 20055A   20226.91668981 -.01071780  00000-0 -25591-1 0  9990
2 46027  53.0039 259.0630 0003458 323.4917  62.7383 15.43949096  1779
STARLINK B              
1 46028U 20055B   20226.91668981 -.01179084  00000-0 -22884-1 0  9999
2 46028  53.0056 258.9908 0001085  40.3185  27.9712 15.49726008  1772
STARLINK C              
1 46029U 20055C   20226.91668981 -.01197872  00000-0 -22939-1 0  9996
2 46029  53.0041 258.9725 0001331  27.7029  50.9558 15.50142492  1779
STARLINK D              
1 46030U 20055D   20226.91668981 -.01077974  00000-0 -23483-1 0  9993
2 46030  53.0038 258.9949 0001286  62.4670  14.6943 15.46645867  1776
STARLINK E              
1 46031U 20055E   20226.91668981 -.01077914  00000-0 -23675-1 0  9991
2 46031  53.0035 259.0120 0001295  62.5505  10.9722 15.46409918  1774
STARLINK F              
1 46032U 20055F   20226.91668981 -.01090478  00000-0 -25304-1 0  9993
2 46032  53.0038 259.0037 0001306  54.9961 340.4775 15.44400810  1778
STARLINK G              
1 46033U 20055G   20226.91668981 -.01076679  00000-0 -24392-1 0  9997
2 46033  53.0039 259.0130 0001339  54.8166   2.7502 15.45511814  1770
STARLINK H              
1 46034U 20055H   20226.91668981 -.01076089  00000-0 -24571-1 0  9992
2 46034  53.0045 259.0004 0001138  86.4216 327.0069 15.45283980  1773
STARLINK J              
1 46035U 20055J   20226.91668981 -.01091109  00000-0 -24945-1 0  9998
2 46035  53.0056 259.0037 0001188  68.3826 336.3074 15.44836902  1779
STARLINK K              
1 46036U 20055K   20226.91668981  .00034455  00000-0  68025-3 0  9996
2 46036  53.0053 259.0052 0000613  49.8613  16.2109 15.46858381  1774
STARLINK L              
1 46037U 20055L   20226.91668981 -.01077561  00000-0 -23847-1 0  9996
2 46037  53.0038 259.0250 0001318  59.4694  10.0606 15.46190869  1771
STARLINK M              
1 46038U 20055M   20226.91668981 -.01093277  00000-0 -24801-1 0  9990
2 46038  53.0055 259.0246 0000938  70.4752 338.4621 15.45069905  1770
STARLINK N              
1 46039U 20055N   20226.91668981 -.01090727  00000-0 -25125-1 0  9998
2 46039  53.0036 258.9921 0001263  58.5877 341.5642 15.44615621  1774
STARLINK P              
1 46040U 20055P   20226.91668981 -.01078887  00000-0 -22963-1 0  9990
2 46040  53.0040 258.9842 0001294  63.6995  24.6021 15.47314273  1777
STARLINK Q              
1 46041U 20055Q   20226.91668981 -.01078819  00000-0 -23149-1 0  9993
2 46041  53.0056 258.9596 0001229  75.6257   9.2726 15.47081996  1777
STARLINK R              
1 46042U 20055R   20226.91668981 -.01152754  00000-0 -19747-1 0  9994
2 46042  53.0064 258.8112 0002536 311.9204 206.4945 15.53562579  1772
STARLINK S              
1 46043U 20055S   20226.91668981 -.01090292  00000-0 -25503-1 0  9990
2 46043  53.0050 259.0236 0001202  65.9231 325.0741 15.44167016  1772
STARLINK T              
1 46044U 20055T   20226.91668981 -.01202172  00000-0 -23185-1 0  9997
2 46044  53.0054 258.9844 0001485 339.1380  93.7077 15.49952339  1770
STARLINK U              
1 46045U 20055U   20226.91668981 -.01078624  00000-0 -23328-1 0  9990
2 46045  53.0055 258.9973 0001236  72.1748   9.0343 15.46855474  1776
STARLINK V              
1 46046U 20055V   20226.91668981  .00039558  00000-0  52626-3 0  9996
2 46046  53.0066 258.7510 0012734 313.8418 218.5055 15.57713127  1775
STARLINK W              
1 46047U 20055W   20226.91668981  .01257811  00000-0  13480-1 0  9995
2 46047  53.0078 258.7565 0013683 311.4624 228.3067 15.60272235  1794
STARLINK X              
1 46048U 20055X   20226.91668981  .01233280  00000-0  13098-1 0  9995
2 46048  53.0068 258.7554 0006153 317.8397 223.5674 15.60609522  1775
STARLINK Y              
1 46049U 20055Y   20226.91668981  .01325337  00000-0  14070-1 0  9992
2 46049  53.0065 258.7534 0005730 323.2844 219.6429 15.60874688  1770
STARLINK Z              
1 46050U 20055Z   20226.91668981  .01197269  00000-0  13773-1 0  9994
2 46050  53.0059 258.7701 0013881 316.1310 218.2546 15.58537213  1778
STARLINK AA             
1 46051U 20055AA  20226.91668981  .01203037  00000-0  14123-1 0  9996
2 46051  53.0066 258.7695 0013866 316.0173 217.4015 15.57981343  1776
STARLINK AB             
1 46052U 20055AB  20226.91668981  .01201953  00000-0  13511-1 0  9992
2 46052  53.0061 258.7677 0013845 316.0889 219.5634 15.59141243  1772
STARLINK AC             
1 46053U 20055AC  20226.91668981  .01197760  00000-0  13627-1 0  9991
2 46053  53.0061 258.7692 0013851 316.1612 218.6580 15.58831142  1775
STARLINK AD             
1 46054U 20055AD  20226.91668981  .01196986  00000-0  13911-1 0  9997
2 46054  53.0060 258.7714 0013858 316.1349 217.6813 15.58265692  1773
STARLINK AE             
1 46055U 20055AE  20226.91668981  .01212819  00000-0  13454-1 0  9994
2 46055  53.0062 258.7662 0013501 315.3018 221.1748 15.59469680  1778
STARLINK AF             
1 46056U 20055AF  20226.91668981  .00039761  00000-0  52801-3 0  9998
2 46056  53.0069 258.7493 0012739 312.9614 220.4603 15.57758377  1779
STARLINK AG             
1 46057U 20055AG  20226.91668981  .00039727  00000-0  52764-3 0  9999
2 46057  53.0069 258.7494 0012743 313.0914 220.2430 15.57754841  1779
STARLINK AH             
1 46058U 20055AH  20226.91668981  .00039427  00000-0  52416-3 0  9991
2 46058  53.0067 258.7503 0012732 313.3432 219.5064 15.57732776  1772
STARLINK AJ             
1 46059U 20055AJ  20226.91668981  .00039713  00000-0  52813-3 0  9991
2 46059  53.0067 258.7508 0012732 313.7420 218.7927 15.57720772  1771
STARLINK AK             
1 46060U 20055AK  20226.91668981  .00039633  00000-0  52696-3 0  9993
2 46060  53.0067 258.7505 0012732 313.5482 219.1306 15.57726863  1779
STARLINK AL             
1 46061U 20055AL  20226.91668981  .00039521  00000-0  52519-3 0  9994
2 46061  53.0068 258.7498 0012734 313.2475 219.8529 15.57742584  1775
STARLINK AM             
1 46062U 20055AM  20226.91668981  .01223434  00000-0  13474-1 0  9999
2 46062  53.0062 258.7643 0013221 314.2662 223.0134 15.59638637  1777
STARLINK AN             
1 46063U 20055AN  20226.91668981  .01225807  00000-0  13329-1 0  9995
2 46063  53.0062 258.7618 0012465 311.9785 226.5542 15.59976986  1772
STARLINK AP             
1 46064U 20055AP  20226.91668981  .00039542  00000-0  52540-3 0  9994
2 46064  53.0068 258.7497 0012737 313.1571 220.0047 15.57746116  1770
STARLINK AQ             
1 46065U 20055AQ  20226.91668981  .00039387  00000-0  52421-3 0  9990
2 46065  53.0063 258.7510 0012720 313.9478 218.2128 15.57703435  1774
STARLINK AR             
1 46066U 20055AR  20226.91668981  .01226990  00000-0  12935-1 0  9994
2 46066  53.0064 258.7536 0004216 324.4644 217.7056 15.60817836  1776
STARLINK AS             
1 46067U 20055AS  20226.91668981  .01324557  00000-0  14297-1 0  9996
2 46067  53.0059 258.7577 0010973 308.2684 232.0642 15.60419147  1771
STARLINK AT             
1 46068U 20055AT  20226.91668981  .01214029  00000-0  13497-1 0  9990
2 46068  53.0058 258.7678 0013339 314.9302 220.1778 15.59410364  1771
STARLINK AU             
1 46069U 20055AU  20226.91668981  .01196922  00000-0  13959-1 0  9995
2 46069  53.0057 258.7718 0013828 316.3736 217.0452 15.58172624  1773
STARLINK AV             
1 46070U 20055AV  20226.91668981  .00039460  00000-0  52464-3 0  9995
2 46070  53.0065 258.7501 0012722 313.4181 219.3585 15.57730141  1773
STARLINK AW             
1 46071U 20055AW  20226.91668981  .01285014  00000-0  13566-1 0  9993
2 46071  53.0061 258.7515 0006222 315.8955 228.0026 15.61101570  1778
STARLINK AX             
1 46072U 20055AX  20226.91668981  .01197636  00000-0  13599-1 0  9992
2 46072  53.0064 258.7654 0013907 316.0217 219.9790 15.58882801  1774
STARLINK AY             
1 46073U 20055AY  20226.91668981  .00039463  00000-0  52443-3 0  9998
2 46073  53.0066 258.7496 0012732 313.2087 219.8735 15.57742890  1770
STARLINK AZ             
1 46074U 20055AZ  20226.91668981  .01197655  00000-0  13679-1 0  9994
2 46074  53.0058 258.7701 0013810 316.3810 217.8269 15.58728110  1777
STARLINK BA             
1 46075U 20055BA  20226.91668981  .00039512  00000-0  52542-3 0  9995
2 46075  53.0066 258.7505 0012738 313.6015 219.0338 15.57724783  1776
STARLINK BB             
1 46076U 20055BB  20226.91668981  .01223428  00000-0  13348-1 0  9997
2 46076  53.0060 258.7630 0012581 312.7800 224.9706 15.59892726  1777
STARLINK BC             
1 46077U 20055BC  20226.91668981  .00039470  00000-0  52513-3 0  9998
2 46077  53.0064 258.7508 0012722 313.8714 218.4792 15.57711798  1779
STARLINK BD             
1 46078U 20055BD  20226.91668981  .01375016  00000-0  16358-1 0  9994
2 46078  53.0062 258.7692 0013568 315.8468 217.2452 15.57710500  1779
STARLINK BE             
1 46079U 20055BE  20226.91668981  .01197153  00000-0  13826-1 0  9996
2 46079  53.0057 258.7712 0013837 316.2635 217.4170 15.58432899  1779
STARLINK BF             
1 46080U 20055BF  20226.91668981  .00039653  00000-0  52741-3 0  9998
2 46080  53.0065 258.7507 0012730 313.7538 218.6972 15.57717356  1773
STARLINK BG             
1 46081U 20055BG  20226.91668981  .01231772  00000-0  13287-1 0  9996
2 46081  53.0059 258.7602 0011811 309.5798 229.5299 15.60179535  1771
STARLINK BH             
1 46082U 20055BH  20226.91668981  .00039607  00000-0  52637-3 0  9993
2 46082  53.0065 258.7496 0012725 313.3602 219.6543 15.57740245  1772
STARLINK BJ             
1 46083U 20055BJ  20226.91668981  .01216617  00000-0  13431-1 0  9990
2 46083  53.0058 258.7653 0013220 314.7385 221.9230 15.59591515  1779
2020-055BK              
1 46084U 20055BK  20226.56740311  .00004260  00000-0  64196-4 0  9995
2 46084  53.0141 260.4824 0013656 322.6914  37.3147 15.57166355  5590
2020-055BL              
1 46085U 20055BL  20226.56655782  .00004281  00000-0  64051-4 0  9996
2 46085  53.0129 260.4756 0011007 320.3735  39.6470 15.57374411  5582
2020-055BM              
1 46086U 20055BM  20226.56304190  .00004524  00000-0  65116-4 0  9994
2 46086  53.0096 260.4491 0014443 303.9112  56.0525 15.58246100  5583
2020-055BN              
1 46087U 20055BN  20226.56183863  .00004376  00000-0  62588-4 0  9992
2 46087  53.0083 260.4397 0012167 296.0517  63.9241 15.58542861  5582
2020-055BP              
1 46088U 20055BP  20226.43571587  .00004163  00000-0  61107-4 0  9993
2 46088  53.0066 261.0728 0011750 313.0016  47.0009 15.57978887  5563
2020-055BQ              
1 46089U 20055BQ  20226.88524456  .00002697  00000-0  42253-4 0  9997
2 46089  53.0065 258.8985 0012101 311.0603  48.9361 15.57781026  5639
2020-055BR              
1 46090U 20055BR  20226.56552954  .00004338  00000-0  64182-4 0  9997
2 46090  53.0055 260.4599 0012577 314.5227  45.4756 15.57628529  5589
